act_size:    3
1,0.15,0.0 state:[[0 0]]
1,0.1,0.0 state:[[0 0]]
0,0.15,0.0 state:[[0 0]]
1,0.1,0.0 state:[[0 0]]
1,0.05,0.0 state:[[0 0]]
1,0.0,0.0 state:[[0 0]]
0,0.05,0.0 state:[[0 0]]
2,0.05,0.0 state:[[0 0]]
0,0.1,0.0 state:[[0 0]]
2,0.1,0.0 state:[[0 0]]
act_size:    3
0,0.25,0.0 state:[[0 0]]
1,0.2,0.0 state:[[0 0]]
1,0.15,0.0 state:[[0 0]]
1,0.1,0.0 state:[[0 0]]
1,0.05,0.0 state:[[0 0]]
1,0.0,0.0 state:[[0 0]]
1,0.0,0.0 state:[[0 0]]
2,0.0,0.0 state:[[0 0]]
0,0.05,0.0 state:[[0 0]]
2,0.05,0.0 state:[[0 0]]
act_size:    3
2,0.2,0.0 state:[[0 0]]
1,0.15,0.0 state:[[0 0]]
0,0.2,0.0 state:[[0 0]]
2,0.2,0.0 state:[[0 0]]
1,0.15,0.0 state:[[0 0]]
0,0.2,0.0 state:[[0 0]]
1,0.15,0.0 state:[[0 0]]
2,0.15,0.0 state:[[0 0]]
1,0.1,0.0 state:[[0 0]]
0,0.15,0.0 state:[[0 0]]
act_size:    3
1,0.15,0.0 state:[[0 0]]
0,0.2,0.0 state:[[0 0]]
1,0.15,0.0 state:[[0 0]]
2,0.15,0.0 state:[[0 0]]
2,0.15,0.0 state:[[0 0]]
0,0.2,0.0 state:[[0 0]]
1,0.15,0.0 state:[[0 0]]
2,0.15,0.0 state:[[0 0]]
2,0.15,0.0 state:[[0 0]]
2,0.15,0.0 state:[[0 0]]
0,0.2,0.0 state:[[0 0]]
1,0.15,0.0 state:[[0 0]]
2,0.15,0.0 state:[[0 0]]
1,0.1,0.0 state:[[0 0]]
2,0.1,0.0 state:[[0 0]]
0,0.15,0.0 state:[[0 0]]
